2048      1024           65          106  1
2048      2048           60          135  1
2048      4096           67          175  1
2048      8192           67          279  1
2048     16384           73          489  1
2048     32768           85         1014  1
2048     65536           71         1647  1
2048      1024           55        26317  1
2048      2048           85        53666  1
2048      4096           71       109732  1
2048      8192           76       216259  1
2048     16384           90       438780  1
2048     32768          109       874662  1
2048     65536          126      1916265  1
2048      1024           58         7297  4
2048      2048           69        13928  4
2048      4096           77        27736  4
2048      8192           80        55472  4
2048     16384          107       141549  4
2048     32768          153       366951  4
2048     65536          182       729967  4
2048      1024          111        12033  4
2048      2048           94        19537  4
2048      4096          136        38810  4
2048      8192           94        67990  4
2048     16384          149       185341  4
2048     32768          225       443875  4
2048     65536         2074       883711  4
2048      1024           61         7381  4
2048        16           38          605  1
2048        16           32          524  1
2048        16           30          216  1
2048        16           30          209  1
2048        16           31          206  1
2048        16           30          204  1
2048        16           32          223  1
2048      1024           57        22872  1
2048      1024           53        22898  1
2048        16           31          202  1
2048        16           29          203  1
2048        16           29          197  1
2048        16           32          187  1
2048        16           31          199  1
2048        16           32          156  2
2048        16           32          211  1
2048        16           31          197  1
2048        16           32          217  1
2048        16           30          198  1
2048        16           32          194  1
2048        16           31          189  1
2048        16           33          196  1
2048        16           35          198  1
2048        16           46          199  1
2048        16           34          204  1
2048        13           38          163  1
2048        16           35          202  1
2048        16           35          514  1
2048        16           30          549  1
2048      1024           54        26506  1
2048      1024           55        26323  1
2048      1024           55        26953  1
2048      1024           54        26340  1
2048      1024           50        26305  1
2048      1024           56         7281  4
 512      1024           93         2509  1
 512      1024           99         2361  1
 512      1024          128         2370  1
 512      1024          113         4668  1
 512      1024          125         2635  1
 512      1024          243         4376  1
2048      1024           92        29281  1
2048      1024          118        44746  1
2048      2048          146        67338  1
