2048      1024           53          450  1
2048      2048           70          549  1
2048      4096           71          729  1
2048      8192           74         1089  1
2048     16384           74         1820  1
2048     32768           88         3314  1
2048     65536           85         6072  1
2048      1024           70      8806705  1
2048      2048          111     19315598  1
2048      4096           96     41981945  1
2048      8192          110     90812770  1
2048     16384          106    195132236  1
2048     32768          113    416826439  1
2048     65536          126    910339684  1
2048      1024           75      2373141  4
2048      2048          100      5174082  4
2048      4096          117     11213469  4
2048      8192          126     26619292  4
2048     16384          161     68590582  4
2048     32768          256    175201911  4
2048     65536          221    397242942  4
2048      1024         1869      3890281  4
2048      2048          141      7884707  4
2048      4096          195     16977743  4
2048      8192          171     36633131  4
2048     16384          227     90167848  4
2048     32768          245    185002587  4
2048     65536          209    399321402  4
2048      1024           72      2374709  4
2048        16           49         2203  1
2048        16           45         1024  1
2048        16           41          714  1
2048        16           42          729  1
2048        16           54         1152  1
2048        16           52         1341  1
2048        16           55         2308  1
2048      1024           61       221377  1
2048      1024           66      8830165  1
2048        16           50         2107  1
2048        16           41          940  1
2048        16           41          941  1
2048        16           41          945  1
2048        16           52         1191  1
2048        16           43         1123  2
2048        16           46         1173  1
2048        16           41         1938  1
2048        16           43         2550  1
2048        16           40         5145  1
2048        16           42        10469  1
2048        16           41        48800  1
2048        16           46          577  1
2048        16           48          563  1
2048        16           47          513  1
2048        16           48          679  1
2048        13           43          525  1
2048        16           47          515  1
2048        16           52         2523  1
2048        16           45         2203  1
2048      1024           61       208554  1
2048      1024           72      8844545  1
2048      1024           66      8842747  1
2048      1024           67      8842098  1
2048      1024           83      2379467  4
 512      1024          110       658493  1
 512      1024          125       652471  1
 512      1024          110       658465  1
 512      1024          115       700559  1
 512      1024          115       662193  1
 512      1024          187       662205  1
2048      1024          107      9306215  1
2048      1024          125     11160559  1
2048      2048          168     23956266  1
2048 1024 913 5316887
512 1024 1744 469588
512 1024 1796 540268
512 1024 1795 469033
512 1024 1901 477835
512 1024 1760 478067
512 1024 1759 477511
512 1024 1643 477468
512 1024 1761 485502
512 1024 4523 516609
512 1024 3155 516544
512 1024 1763 517566
512 1024 1762 516599
512 1024 1764 508430
512 1024 1743 511444
512 1024 1724 510554
512 1024 1745 509903
512 1024 1757 761630
512 1024 1801 765095
512 1024 1709 811942
512 1024 1772 799491
512 1024 3050 873078
512 1024 1736 792191
512 1024 1771 802679
512 1024 1776 778239
512 1024 1673 769502
512 1024 1636 775246
512 1024 1652 802539
512 1024 2575 828311
512 1024 1632 513818
512 1024 1772 513538
512 1024 1816 513733
512 1024 1718 514378
512 1024 1746 513364
512 1024 1780 506869
512 1024 1848 507747
512 1024 1731 508830
512 1024 1761 509896
512 1024 1755 508359
512 1024 1830 508211
512 1024 1809 510570
512 1024 1770 509229
2048 1024 1993 4429489
2048 1024 3282 4502193
