2048 1024 14402
2048 2048 30774
2048 4096 65823
2048 8192 140988
2048 16384 299523
2048 32768 637963
2048 65536 1347455
2048 1024 14278
2048 2048 30701
2048 4096 65774
2048 8192 140706
2048 16384 299803
2048 32768 637069
2048 65536 1412291
2048 1024 14275
2048 2048 30697
2048 4096 65813
2048 8192 140611
2048 16384 366714
2048 32768 1045517
2048 65536 2338837
2048 1024 23340
2048 2048 42966
2048 4096 92446
2048 8192 176571
2048 16384 492068
2048 32768 1480592
2048 65536 2805098
2048 1024 22992
2048 16 10696
2048 16 209
2048 16 196
2048 16 194
2048 16 212
2048 16 197
2048 16 209
2048 1024 14280
2048 1024 14216
2048 16 207
2048 16 196
2048 16 193
2048 16 195
2048 16 210
2048 16 193
2048 16 209
2048 16 193
2048 16 213
2048 16 193
2048 16 195
2048 16 192
2048 16 1246
2048 16 1279
2048 16 1270
2048 16 1273
2048 13 959
2048 16 1280
2048 16 1250
2048 16 211
2048 1024 14244
2048 1024 14221
2048 1024 14252
2048 1024 14232
2048 1024 14242
2048 1024 14247
512 1024 1776017
512 1024 1760343
512 1024 1790656
512 1024 1779277
512 1024 1769430
512 1024 1795576
2048 1024 24678656
2048 1024 29189967
2048 2048 68808882
512 1024 1279412
2048 1024 2609058
2048 1024 2607387
2048 1024 2625764
2048 1024 2607073
2048 1024 2607086
2048 1024 2608605
2048 1024 2602820
2048 1024 2606622
2048 1024 2607771
2048 1024 2608834
2048 1024 2615680
2048 1024 2608989
2048 1024 12003879
2048 1024 12001965
2048 1024 12017357
2048 1024 12004155
2048 1024 11997701
2048 1024 11994118
2048 1024 11994693
2048 1024 11999640
2048 1024 14424673
2048 1024 14504035
2048 1024 14429244
2048 1024 14504833
2048 1024 14477504
2048 1024 14445560
2048 1024 14465632
512 1024 1268394
512 1024 1262850
512 1024 1263005
512 1024 1282753
512 1024 1274242
512 1024 1265740
512 1024 1266452
512 1024 1279393
512 1024 1288945
512 1024 1286243
512 1024 1282155
512 1024 1280162
512 1024 1283739
512 1024 1282724
512 1024 1282539
512 1024 1281075
512 1024 1296139
512 1024 1287321
512 1024 1269902
512 1024 1271678
512 1024 1270461
512 1024 1271302
512 1024 1272537
512 1024 1269904
512 1024 1271777
512 1024 1275151
512 1024 1285866
512 1024 1270523
512 1024 1272605
512 1024 1274088
512 1024 1270170
512 1024 1269761
512 1024 1273556
512 1024 1273079
512 1024 1287705
512 1024 1273752
512 1024 1279222
512 1024 1273717
512 1024 1276594
512 1024 1275993
512 1024 1274366
512 1024 1277940
512 1024 1271750
512 1024 1262055
512 1024 1262028
512 1024 1262656
512 1024 1268192
512 1024 1268148
512 1024 1264389
512 1024 1262566
512 1024 1272028
512 1024 1268847
512 1024 1265552
512 1024 1269204
2048 1024 11981458
2048 1024 11981538
2048 1024 12104655
2048 1024 12115651
2048 1024 12112771
2048 1024 12084897
2048 1024 12192155
