2048      1024           31       638774  1
2048      2048           46       731145  1
2048      4096           50       875834  1
2048      8192           49       784494  1
2048     16384           51       536901  1
2048     32768           55      1028067  1
2048     65536           58       931172  1
2048      1024           50       505406  1
2048      2048           46       726983  1
2048      4096           48       656371  1
2048      8192           55       818842  1
2048     16384           56       522550  1
2048     32768           59       962005  1
2048     65536         1692       619949  1
2048      1024           31       705739  4
2048      2048           47       442504  4
2048      4096           54       638763  4
2048      8192           51       598162  4
2048     16384           65       836330  4
2048     32768           98      1565618  4
2048     65536          120      1806263  4
2048      1024           75       805790  4
2048      2048           65       591783  4
2048      4096           68      1002022  4
2048      8192           74      1091224  4
2048     16384           93       925193  4
2048     32768          120      2022136  4
2048     65536          133      1712465  4
2048      1024           30       437998  4
2048        16           29       394657  1
2048        16           26       397487  1
2048        16           26       116570  1
2048        16           27       202201  1
2048        16           27       256845  1
2048        16           24       351277  1
2048        16           25       136054  1
2048      1024           28       353390  1
2048      1024           28       562277  1
2048        16           24       526965  1
2048        16           24       218450  1
2048        16           24       235619  1
2048        16           26       304599  1
2048        16           24       276117  1
2048        16           26       279717  2
2048        16           50       463645  1
2048        16           29       250105  1
2048        16           27       219408  1
2048        16           26       346173  1
2048        16           27       314518  1
2048        16           25       382155  1
2048        16           24       424536  1
2048        16           26       245327  1
2048        16           26       311721  1
2048        16           26       459288  1
2048        13           27       327278  1
2048        16           26       268711  1
2048        16           26       205958  1
2048        16           25       219535  1
2048      1024           29       392254  1
2048      1024           30       757319  1
2048      1024           28       732874  1
2048      1024           31       748755  1
2048      1024           31       503708  1
2048      1024           30       698417  4
 512      1024           94        52379  1
 512      1024           67        34696  1
 512      1024           94        34157  1
 512      1024           74        53053  1
 512      1024           91        33916  1
 512      1024           68        36423  1
2048     65536           71      1032520  1
2048     65536           68      1012121  1
2048     65536           67       800716  1
2048      1024           59       660153  1
2048     65536          110       993614  1
2048      1024           70       567406  1
2048      2048          102       547871  1
 512      1024          315        24713  1
2048 1024 246 226130
2048 1024 245 150388
2048 1024 216 201408
2048 1024 222 160878
2048 1024 191 315790
512 1024 221 22075
2048 1024 260 417372
512 1024 208 21900
512 1024 97 15695
512 1024 118 16536
512 1024 80 16751
512 1024 86 17303
512 1024 116 14855
512 1024 97 14512
512 1024 72 14713
512 1024 123 15501
512 1024 208 25406
512 1024 73 15748
512 1024 76 14498
512 1024 74 24660
512 1024 69 16754
512 1024 65 16660
512 1024 90 14122
512 1024 85 14297
512 1024 80 17231
512 1024 250 14418
512 1024 90 14591
512 1024 88 13800
512 1024 81 14085
512 1024 83 15092
512 1024 69 16166
512 1024 84 15429
512 1024 90 15607
512 1024 70 14767
512 1024 72 14921
512 1024 82 16229
512 1024 106 14217
512 1024 83 14676
512 1024 76 17931
512 1024 109 14477
512 1024 182 16401
512 1024 66 15720
512 1024 93 14598
512 1024 73 14190
512 1024 103 20253
2048 1024 78 302215
2048 1024 107 352524
2048 1024 126 355734
2048 1024 141 455573
2048 1024 108 393992
2048 1024 143 466444
2048 1024 130 423974
2048 1024 127 461118
2048 1024 114 368034
2048 1024 164 554006
2048 1024 157 490797
2048 1024 174 435612
2048 2048 120 451345
2048 4096 152 544347
2048 1024 151 380281
