2048 3771 2 30
2048 4061 2 32
2048 4350 2 34
2048 4640 2 36
2048 4929 2 38
2048 5218 2 40
2048 5510 2 43
2048 3772 512 1807
2048 4060 512 1858
2048 4350 513 1938
2048 4639 512 2003
2048 4929 513 2063
2048 5217 512 2129
2048 5510 513 2111
2048 3772 512 1807
2048 4061 512 1858
2048 4351 513 1938
2048 4639 512 2003
2048 4929 513 2063
2048 5218 512 2129
2048 5509 513 2111
2048 3771 512 1807
2048 4061 512 1858
2048 4350 513 1938
2048 4640 512 2003
2048 4929 513 2063
2048 5217 512 2129
2048 5510 513 2111
2048 3772 512 1807
2048 916 512 1323
2048 916 512 1182
2048 916 513 635
2048 916 513 635
2048 916 513 1171
2048 916 513 1172
2048 916 513 1327
2048 3771 513 1804
2048 3772 513 1804
2048 916 513 791
2048 916 513 636
2048 916 513 636
2048 916 513 636
2048 916 513 636
2048 916 513 636
2048 916 513 1172
2048 916 513 1217
2048 916 513 1232
2048 916 513 1264
2048 917 513 1294
2048 917 513 1294
2048 2036 513 635
2048 2036 513 636
2048 2036 513 636
2048 2036 513 636
2048 2035 513 611
2048 2036 513 636
2048 2036 513 1333
2048 916 513 1331
2048 3770 512 1805
2048 3771 512 1808
2048 3772 512 1808
2048 3771 512 1808
2048 3772 512 1808
512 1276 129 1035
512 1276 129 1006
512 1275 128 1040
512 1276 129 1040
512 1275 129 1038
512 1276 129 1040
2048 3771 513 1803
2048 3772 513 1805
2048 4060 513 1871
