2048      1024           36          936  1 [1]
2048      2048           39         1207  1 [1]
2048      4096           42         1929  1 [1]
2048      8192           43         3425  1 [1]
2048     16384           44         6683  1 [1]
2048     32768           47        13930  1 [1]
2048     65536           50        30249  1 [1]
2048      1024           51         6234  1 [1]
2048      2048           52         6833  1 [1]
2048      4096           57         8123  1 [1]
2048      8192           67        10290  1 [1]
2048     16384           61        14118  1 [1]
2048     32768           63        23062  1 [1]
2048     65536           66        38692  1 [1]
2048      1024           60         6223  4 [1]
2048      2048           55         6903  4 [1]
2048      4096           59         8232  4 [1]
2048      8192           75        12945  4 [1]
2048     16384          121        28985  4 [1]
2048     32768          136        47658  4 [1]
2048     65536          129        80182  4 [1]
2048      1024           73         8780  4 [1]
2048      2048           77         9659  4 [1]
2048      4096           84        11957  4 [1]
2048      8192          116        17351  4 [1]
2048     16384          149        34409  4 [1]
2048     32768          170        56487  4 [1]
2048     65536           95        56537  4 [1]
2048      1024           50         6309  4 [1]
2048        16           31         2463  1 [0]
2048        16           32         2153  1 [0]
2048        16           26         1741  1 [0]
2048        16           27         1734  1 [0]
2048        16           42         1953  1 [0]
2048        16           33         2249  1 [0]
2048        16           42         2523  1 [0]
2048      1024           47         6004  1 [0]
2048      1024           48         6244  1 [1]
2048        16           42         2309  1 [0]
2048        16           26         1956  1 [0]
2048        16           28         1965  1 [0]
2048        16           29         1963  1 [0]
2048        16           40         1990  1 [0]
2048        16           30         2038  2 [0]
2048        16           32         2172  1 [0]
2048        16           31         2503  1 [0]
2048        16           34         2624  1 [0]
2048        16           33         2860  1 [0]
2048        16           35         3117  1 [0]
2048        16           32         3100  1 [1]
2048        16           33         1598  1 [1]
2048        16           31         1588  1 [1]
2048        16           33         1538  1 [1]
2048        16           42         1711  1 [1]
2048        13           33         1439  1 [1]
2048        16           34         1533  1 [1]
2048        16           38         2604  1 [1]
2048        16           31         2493  1 [0]
2048      1024           47         6009  1 [0]
2048      1024           50         6261  1 [1]
2048      1024           48         6277  1 [1]
2048      1024           48         6222  1 [1]
2048      1024           52         6236  4 [1]
 512      1024           41         1201  1 [1]
 512      1024           41         1063  1 [1]
 512      1024           41         1087  1 [1]
 512      1024           39         1023  1 [1]
 512      1024           42         1390  1 [1]
 512      1024           42         1060  1 [1]
2048      1024           58         6642  1 [1]
2048      1024           62         6633  1 [1]
2048      2048           83         9864  1 [1]
